vars(040 13 14 15 1F7 1G3 202 2513 2514 2531 2532 2540 2545 2546 2550 2552 2554 2560 28 2Q 32 3R3 40 4T8 6AT 6MT 6V4 776 8T5 8U8 ACButton AW Antenna Ash BTButton Base Bisque Buttons CF CQ Camera Charcoal Chrome E5 EC ECVT EJ EX FA13 FA40 FB13 FB40 FC14 FC15 Fabric HD Hyb Hybrid L4 LA LA13 LA40 LB14 LB15 LE LF Leather LeatherWheel NV QA QB QC QD QE QF R7 RearAC SE SK SR StartButton UP UT V6 WB Wood XLE)
invVars()
L 1
L -1
L 2
L -2
L 3
L -3
L 4
L -4
L 5
L -5
L 6
L -6
L 7
L -7
L 8
L -8
L 9
L -9
L 10
L -10
L 11
L -11
L 12
L -12
L 13
L -13
L 14
L -14
L 15
L -15
L 16
L -16
L 17
L -17
L 18
L -18
L 19
L -19
L 20
L -20
L 21
L -21
L 22
L -22
L 23
L -23
L 24
L -24
L 25
L -25
L 26
L -26
L 27
L -27
L 28
L -28
L 29
L -29
L 30
L -30
L 31
L -31
L 32
L -32
L 33
L -33
L 34
L -34
L 35
L -35
L 36
L -36
L 37
L -37
L 38
L -38
L 39
L -39
L 40
L -40
L 41
L -41
L 42
L -42
L 43
L -43
L 44
L -44
L 45
L -45
L 46
L -46
L 47
L -47
L 48
L -48
L 49
L -49
L 50
L -50
L 51
L -51
L 52
L -52
L 53
L -53
L 54
L -54
L 55
L -55
L 56
L -56
L 57
L -57
L 58
L -58
L 59
L -59
L 60
L -60
L 61
L -61
L 62
L -62
L 63
L -63
L 64
L -64
L 65
L -65
L 66
L -66
L 67
L -67
L 68
L -68
L 69
L -69
L 70
L -70
L 71
L -71
L 72
L -72
L 73
L -73
L 74
L -74
L 75
L -75
L 76
L -76
L 77
L -77
L 78
L -78
L 79
L -79
L 80
L -80
L 81
L -81
L 82
L -82
L 83
L -83
L 84
L -84
L 85
L -85
L 86
L -86
L 87
L -87
A 40 79
A 41 78
O 176 177
A 4 7 9 47 68 75 85 102 105 110 135 178
A 5 7 9 46 69 74 85 103 104 110 135 178
O 179 180
A 2 11 15 49 59 181
A 3 4 7 9 10 15 47 49 59 68 75 85 102 105 110 135 178
A 3 11 14 49 59 181
A 3 5 7 9 11 15 46 48 59 69 74 85 103 104 110 135 178
A 3 11 15 49 58 181
O 182 183 184 185 186
O 64 65
O 88 89
O 170 171
A 13 16 19 21 23 25 27 29 31 33 35 37 39 43 45 51 52 55 57 61 63 67 71 72 77 81 83 87 91 93 95 97 99 101 107 109 113 115 117 118 121 123 125 127 129 131 133 137 139 141 143 145 147 149 151 153 155 157 159 161 163 165 167 169 173 175 187 188 189 190
O 38 39
A 13 17 18 21 23 25 27 29 31 33 35 37 43 45 50 53 55 57 61 63 67 71 72 77 81 83 87 91 93 95 97 99 101 107 109 113 115 117 118 121 123 125 127 129 131 133 137 139 141 143 145 147 149 151 153 155 157 159 161 163 165 167 169 173 175 187 188 189 190 192
A 64 140
A 65 141
O 194 195
A 40 79 196
A 41 78 196
O 197 198
A 4 7 9 47 68 75 85 102 105 110 135 199
A 5 7 9 46 69 74 85 103 104 110 135 199
O 200 201
A 2 11 13 15 45 49 55 57 59 202
A 3 4 7 9 10 13 15 45 47 49 55 57 59 68 75 85 102 105 110 135 199
A 3 11 12 15 45 49 55 57 59 202
A 3 11 13 14 45 49 55 57 59 202
A 3 11 13 15 44 49 55 57 59 202
A 3 5 7 9 11 13 15 45 46 48 55 57 59 69 74 85 103 104 110 135 199
A 3 11 13 15 45 49 54 57 59 202
A 3 5 7 9 11 13 15 45 46 49 55 56 59 69 74 85 103 104 110 135 199
A 3 11 13 15 45 49 55 57 58 202
O 203 204 205 206 207 208 209 210 211
O 90 91
O 160 161
A 17 19 20 23 25 27 29 31 33 35 37 39 43 51 52 61 63 67 71 73 77 81 83 87 93 95 97 99 101 107 109 113 115 117 118 121 123 125 127 129 130 133 137 139 143 145 147 149 151 153 155 157 159 163 165 167 169 173 175 189 190 212 213 214
A 17 19 21 22 25 27 29 31 33 35 37 43 50 53 61 63 67 71 73 77 81 83 87 93 95 97 99 101 107 109 113 115 117 118 121 123 125 127 129 130 133 137 139 143 145 147 149 151 153 155 157 159 163 165 167 169 173 175 189 190 192 212 213 214
A 112 150
A 113 151
O 217 218
A 76 158 162 219
A 77 113 151 159 163
O 220 221
A 66 70 94
A 67 71 95
O 223 224
A 83 139 149 225
O 148 149
A 66 70 82 95 138 227
O 226 228
A 98 110 121 123 135 222 229
O 120 121
A 99 111 122 134 222 229 231
O 230 232
A 40 79 233
A 41 78 233
O 234 235
A 4 7 9 47 68 75 85 101 125 236
A 100 110 121 125 135 222 229
A 101 111 124 134 222 229 231
O 238 239
A 40 79 240
A 41 78 240
O 241 242
A 5 7 9 46 69 74 85 99 123 243
O 237 244
A 2 11 13 15 45 49 55 57 59 245
A 3 4 7 9 10 13 15 45 47 49 55 57 59 68 75 85 101 125 236
A 3 11 12 15 45 49 55 57 59 245
A 3 11 13 14 45 49 55 57 59 245
A 3 11 13 15 44 49 55 57 59 245
A 9 46 74 85 100 110 121 125 135 222 229
A 9 46 74 85 101 111 124 134 222 229 231
O 251 252
A 40 79 253
A 41 78 253
O 254 255
A 3 5 7 11 13 15 45 48 55 57 59 69 99 123 256
A 3 11 13 15 45 49 54 57 59 245
A 3 5 7 11 13 15 45 49 55 56 59 69 99 123 256
A 3 11 13 15 45 49 55 57 58 245
O 246 247 248 249 250 257 258 259 260
O 132 133
A 17 19 21 23 24 27 29 31 33 35 37 43 50 53 61 62 73 81 86 88 90 93 97 103 105 107 109 115 117 118 127 129 131 137 141 143 145 147 153 154 157 160 165 167 169 172 174 188 190 192 261 262
A 66 70 94 97
A 66 70 96
A 67 71 97
O 265 266
A 95 267
O 264 268
A 83 139 149 269
A 66 70 82 95 97 138 227
O 270 271
A 146 152 160
O 152 153
A 147 214 274
O 273 275
A 106 110 113 121 127 135 145 173 272 276
A 112 144
A 113 145
O 278 279
A 120 172 280
A 113 121 145 173
O 281 282
A 107 111 126 134 272 276 283
O 277 284
A 40 79 285
A 41 78 285
O 286 287
A 5 6 9 47 68 75 85 109 129 288
A 108 110 113 121 129 135 145 173 272 276
A 109 111 128 134 272 276 283

O 290 291
A 40 79 292
A 41 78 292
O 293 294
A 5 7 8 47 69 75 84 107 127 295
O 289 296
A 2 11 13 15 45 49 55 57 59 61 297
A 40 79 272 276
A 41 78 272 276
O 299 300
A 5 6 9 68 85 106 109 110 113 121 127 129 135 145 173 301
A 5 7 8 69 84 107 108 110 113 121 127 129 135 145 173 301
A 40 79 272 276 283
A 41 78 272 276 283
O 304 305
A 5 6 9 68 85 107 109 111 126 129 134 306
A 5 7 8 69 84 107 109 111 127 128 134 306
O 302 303 307 308
A 3 10 13 15 45 47 49 55 57 59 61 75 309
A 3 11 12 15 45 49 55 57 59 61 297
A 3 11 13 14 45 49 55 57 59 61 297
A 3 11 13 15 44 49 55 57 59 61 297
A 3 11 13 15 45 49 55 57 58 61 297
O 298 310 311 312 313 314
A 17 19 21 23 25 26 29 31 33 35 37 39 42 51 52 63 73 77 81 87 93 99 101 103 105 115 117 118 123 125 131 132 137 141 143 151 155 156 159 163 165 167 169 175 188 189 190 213 315
A 90 142
A 91 143
O 317 318
A 76 158 162
A 77 159 163
O 320 321
A 106 110 113 121 127 135 145 173 272 276 319 322
A 107 111 126 134 272 276 283 319 322
O 323 324
A 40 79 325
A 41 78 325
O 326 327
A 5 6 9 47 68 75 85 109 129 328
A 108 110 113 121 129 135 145 173 272 276 319 322
A 109 111 128 134 272 276 283 319 322
O 330 331
A 40 79 332
A 41 78 332
O 333 334
A 5 7 8 47 69 75 84 107 127 335
O 329 336
A 2 11 13 15 45 49 55 57 59 61 337
A 40 79 272 276 319 322
A 41 78 272 276 319 322
O 339 340
A 5 6 9 68 85 106 109 110 113 121 127 129 135 145 173 341
A 5 7 8 69 84 107 108 110 113 121 127 129 135 145 173 341
A 40 79 272 276 283 319 322
A 41 78 272 276 283 319 322
O 344 345
A 5 6 9 68 85 107 109 111 126 129 134 346
A 5 7 8 69 84 107 109 111 127 128 134 346
O 342 343 347 348
A 3 10 13 15 45 47 49 55 57 59 61 75 349
A 3 11 12 15 45 49 55 57 59 61 337
A 3 11 13 14 45 49 55 57 59 61 337
A 3 11 13 15 44 49 55 57 59 61 337
A 3 11 13 15 45 49 55 57 58 61 337
O 338 350 351 352 353 354
A 17 19 21 23 25 27 28 31 33 35 37 42 50 53 63 73 81 87 93 99 101 103 105 115 117 118 123 125 131 132 137 141 151 155 156 165 167 169 175 188 189 190 192 355
A 17 19 21 23 25 27 29 30 33 35 37 42 50 53 63 73 81 87 93 99 101 103 105 115 117 119 123 125 131 132 137 141 151 155 156 165 167 168 175 188 189 190 192 355
A 17 19 21 23 25 27 29 31 32 35 37 43 50 53 61 63 67 71 73 77 81 83 87 93 95 97 99 101 107 109 113 115 117 119 121 123 125 127 129 130 133 137 139 143 145 147 149 151 153 155 157 159 163 165 167 168 173 175 189 190 192 212 213 214
A 17 19 21 23 25 27 29 31 33 34 37 43 50 53 61 62 73 81 86 90 93 97 103 105 107 109 115 117 119 127 129 131 137 141 143 145 147 153 154 157 160 165 167 168 172 174 188 189 190 192 261 262
A 80 112
A 81 113
O 360 361
A 90 136 164 170
A 137 165 190 213
O 363 364
A 66 70 83 94 97 139 167 365
A 66 70 83 96 137 139 167 190 213
A 90 136 166 170
A 137 167 190 213
O 368 369
A 66 70 82 138 370
A 67 71 83 137 139 167 190 213
O 371 372
A 97 373
O 367 374
A 95 165 375
O 366 376
A 98 110 121 123 135 173 362 377
A 120 172
A 121 173
O 379 380
A 99 111 122 134 362 377 381
O 378 382
A 40 79 383
A 41 78 383
O 384 385
A 4 7 9 47 68 75 85 101 125 386
A 100 110 121 125 135 173 362 377
A 101 111 124 134 362 377 381
O 388 389
A 40 79 390
A 41 78 390
O 391 392
A 5 7 9 46 69 74 85 99 123 393
O 387 394
A 2 11 13 15 45 49 55 57 59 61 395
A 3 4 7 9 10 13 15 45 47 49 55 57 59 61 68 75 85 101 125 386
A 3 11 12 15 45 49 55 57 59 61 395
A 3 11 13 14 45 49 55 57 59 61 395
A 3 11 13 15 44 49 55 57 59 61 395
A 9 46 74 85 100 110 121 125 135 173 362 377
A 9 46 74 85 101 111 124 134 362 377 381
O 401 402
A 40 79 403
A 41 78 403
O 404 405
A 3 5 7 11 13 15 45 48 55 57 59 61 69 99 123 406
A 3 11 13 15 45 49 54 57 59 61 395
A 3 5 7 11 13 15 45 49 55 56 59 61 69 99 123 406
A 3 11 13 15 45 49 55 57 58 61 395
A 3 11 13 15 45 49 55 57 59 60 395
O 396 397 398 399 400 407 408 409 410 411
A 17 19 21 23 25 27 29 31 33 35 36 43 51 53 62 73 76 86 92 103 105 107 109 114 116 119 127 129 131 141 143 145 147 149 151 153 154 157 158 162 169 175 188 189 192 214 262 412
O 191 193 215 216 263 316 356 357 358 359 413
